Исходный массив: [86, 30, 49, 6, 80, 93, 6, 70, 92, 3]
Отсортированный массив: [3, 6, 6, 30, 49, 70, 80, 86, 92, 93]
Исходный массив: [57, 97, 53, 84, 27, 9, 28, 47, 87]
Отсортированный массив: [9, 27, 28, 47, 53, 57, 84, 87, 97]
Исходный массив: [94, 8, 20, 93, 58, 10, 93, 49, 35]
Отсортированный массив: [8, 10, 20, 35, 49, 58, 93, 93, 94]
Исходный массив: [86, 30, 49, 6, 80, 93, 6, 70, 92, 3]
Отсортированный массив: [3, 6, 6, 30, 49, 70, 80, 86, 92, 93]
Исходный массив: [57, 97, 53, 84, 27, 9, 28, 47, 87]
Отсортированный массив: [9, 27, 28, 47, 53, 57, 84, 87, 97]
Исходный массив: [94, 8, 20, 93, 58, 10, 93, 49, 35]
Отсортированный массив: [8, 10, 20, 35, 49, 58, 93, 93, 94]
